1 0 0
2 0 14
3  1 14
4  1 14
5 -5 14 
6 -3 14
7 0 14
8 0 0
9  -1 14
10 1 14
11 -4 14
12 1 14
13 3 14
14 1 14
15 -11 14
16 -11 14
17 -14 14
18 -19 14
19 -15 14
20 -23 14
21 -1 14
22 0 14
23 -13 14
24 -12 14
25 -13 14
26 -9 14
27 -11 14
28 -18 14
1 0 0
2 0 14
3  1 14
4  1 14
5 -5 14 
6 -3 14
7 0 14
8 0 0
9  -1 14
10 1 14
11 -4 14
12 1 14
13 3 14
14 1 14
15 -11 14
16 -11 14
17 -14 14
18 -19 14
19 -15 14
20 -23 14
21 -1 14
22 0 14
23 -13 14
24 -12 14
25 -13 14
26 -9 14
27 -11 14
28 -18 14
59 -18 14
60 -33 14
59 -18 14
60 -33 14
